489910
 18940
774392
490636
125544
407391
115771
992663
923282
176914
217904
571222
519039
395667
489931
910419
929671
 14821
905169
106919
964371
162885
826865
260493
449574
469447
207499
528121
859340
963637
435682
 60517
596468
191271
961193
666691
479200
199510
841377
885157
954149
948991
521047
379673
178210
530797
483278
222894
390487
289232
889869
683080
929858
581279
967996
587013
844633
439729
693496
196530
287801
849371
271408
806585
794706
694254
 20881
949520
 99558
688909
534210
173223
362990
767582
398744
850112
554972
472860
345568
369395
265676
858765
420352
366813
401492
303229
659399
354070
 64184
411002
797934
224435
408281
880462
737808
631483
425078
806381
858280
164714
411213
395609
766224
578802
345632
483786
751038
 72463
520756
558529
 34753
758469
552060
218232
889259
 18053
324798
125436
830289
391009
527437
549927
391709
 16991
168441
539043
433909
414077
876365
601332
546478
557382
842782
544605
868087
803531
983392
770499
565428
196061
264732
895131
288251
 82312
172227
 38977
149000
774160
979887
509051
163227
192902
822782
882561
630922
 52913
570492
693614
639087
159163
153061
 23167
722331
820464
300526
297311
730943
213313
622952
510109
124870
770462
579941
904582
237209
313840
166922
869073
532257
703235
 80085
436115
520879
230122
712668
307047
789887
850307
582337
767998
552323
619544
692754
211520
231975
373055
891993
233010
858167
772884
506250
432193
465790
336274
399428
117341
270758
953761
137421
 83516
122495
707448
120566
516011
622770
507913
388491
856315
344142
182485
298695
160275
781461
168098
433509
 76798
 26331
888724
899643
 80293
667125
230385
650357
  1206
 86087
265969
582370
216351
150269
527640
937922
 84421
274468
676349
976987
341903
972046
375958
975469
210775
303452
543787
352239
911736
 82465
919847
131249
125372
306614
 73838
  4486
698510
 40930
551935
977363
554184
903144
854707
950218
330984
373614
332976
617921
751217
384729
890197
754119
 97185
 32227
587951
287532
461010
794820
865397
574726
625823
348680
104033
927141
534777
919840
695876
759713
309211
130202
606196
694257
688436
461837
661157
572822
580989
789424
436266
614601
140841
912134
673273
884480
411925
653970
611167
832202
120477
895493
481173
908134
637078
850085
686179
164977
478904
  4334
861754
314329
977593
404823
 98950
922813
899238
392538
 98315
304566
870436
461342
920080
195208
437938
648355
297208
476968
469312
751824
186034
 65475
388197
715972
343457
565788
430083
722554
240167
458556
703197
885241
546142
386783
343946
955696
757661
579471
467529
119126
274327
570502
931660
782287
380131
149441
155049
238384
134295
915496
362097
230986
135699
896705
661452
733018
488900
443498
308413
707114
 70306
  9069
349845
220027
369790
488607
605098
 46506
766053
505220
597609
816996
 83306
402483
619208
838708
672341
731830
582812
951042
 60816
707619
699045
164064
425603
443487
298481
372660
754283
780693
313575
139202
583402
172482
 32983
393994
627841
398042
745858
915471
448676
845481
804830
621065
546155
725293
453784
 24844
909915
854119
490156
699486
110358
583175
461374
217830
473049
 36538
631175
843204
742337
 71548
393954
187922
910828
276914
163883
165783
568156
883676
 20466
827106
205479
679989
553296
 83778
401386
892783
416193
906978
710413
527650
 74495
311718
377135
842910
109203
329980
706773
474582
227773
218238
 37562
226121
823764
345302
780595
690027
526151
562883
919634
678075
684033
373979
696377
902678
143554
883120
945940
474002
991289
337701
692815
555749
161925
 51093
169310
957115
937999
635892
376512
529233
405556
769645
672045
981486
871984
165558
639422
136402
100921
 27140
670531
701413
973990
 28466
275824
351561
850292
780621
126011
289331
461918
820164
224596
476101
657418
386825
412312
414260
685019
645382
612578
699875
993541
550605
841287
562863
721312
254342
 24805
264928
142050
810266
 96779
535112
341533
944513
677381
188615
310033
829364
877861
696614
452864
122338
418792
753141
245017
 14496
302159
819623
385757
669464
735428
218548
345181
228606
870019
594754
637106
508008
187091
466179
501318
619340
 40310
145465
933066
  9391
948290
529661
158831
831995
718641
127294
724794
141273
381077
220431
338033
126566
208776
243924
480390
497107
815229
304827
601055
168451
428021
262075
386328
602866
961545
939801
203617
512326
437375
857278
321649
145457
634041
324253
919966
 48727
587217
872541
218203
 17354
706825
773045
279241
932875
829318
821960
170221
321991
481435
670711
201568
765267
995944
721286
906493
734441
890420
 11894
272150
 43571
 96861
577497
488441
861906
212943
485552
141639
155351
934984
119389
347363
498559
228186
309954
791070
431157
591487
601235
 24128
919270
982355
275498
649643
 27511
581134
761527
224614
606731
595031
702393
803626
659321
728617
268843
 54148
 56535
780695
270216
784670
451242
 66687
236868
544261
554720
 11157
926404
675806
427544
306856
640596
835005
 72323
494720
330675
523416
409980
683444
715750
626142
671462
397822
542452
293452
343222
221769
673445
760465
 67497
984956
908281
860187
317370
731247
312135
 52552
241775
602646
356302
765780
807075
 74187
358863
726211
249515
683259
554796
738935
896815
511062
621852
 73919
617351
194435
641828
210934
511833
173044
286473
201525
975061
209915
483039
317329
924302
962574
936610
971500
816030
527549
664601
123570
 54206
432751
133461
508011
530958
510265
678366
 62853
334512
446328
633806
877117
109358
575787
  6262
824469
160132
665090
579767
805340
153368
 10863
 60930
180936
190214
170392
242103
549922
 98417
 35817
189675
492190
 23312
765650
149057
284028
785264
295168
198727
875120
 14932
761554
682796
610188
777949
200131
104862
276740
257021
294791
475477
 65251
 72190
798761
 71416
939247
988901
481056
186955
730139
 88749
 99527
735712
995289
959201
953136
496189
307682
 96302
 24102
384933
181687
508302
584846
388351
281806
458350
415134
687486
909910
390839
451596
 69688
 21369
348687
774809
936870
181593
607778
328376
 92164
941916
829980
659954
 15089
 87348
767619
275932
519901
 88637
439964
909478
532644
877190
746230
115922
219472
753812
679807
129945
852128
840824
664865
845834
606060
992024
 49167
115023
952453
486093
455894
294436
427520
146408
522463
124635
340756
753870
535757
568551
418373
749248
610912
199557
468998
257656
354705
 91934
905772
410165
404844
937263
362293
786195
842831
287033
699456
555207
240839
404798
416003
557353
 21936
200412
847740
130110
888205
114450
568625
961579
302761
622619
 91559
631006
399343
238011
307501
783192
237115
503289
 98603
 75878
 18518
485409
214389
137805
744423
712245
809574
780019
793577
323480
  7914
614156
 82238
447394
478597
 48794
785129
460681
289943
358616
 80238
840193
239814
150982
 17745
773506
452906
 90680
407245
559467
282193
185973
567681
100399
455104
287702
890796
464363
964585
708113
431672
578941
421021
 27159
158792
607208
453056
221464
 71329
452091
273683
224731
122765
137081
712531
908272
777655
519259
856098
256478
 72291
904844
934778
204418
250232
658008
248790
203390
400076
820441
734762
 85140
 35595
 92144
240478
206590
227249
263235
697404
174292
719327
331989
158924
671481
448396
 96166
106770
 40444
 16415
962621
518976
309108
965865
 84508
939730
293079
154383
705848
194846
253026
132872
770016
456113
342196
193751
431714
 73648
739942
674933
101228
967386
934572
180336
 45304
397231
 92424
609169
370719
615896
829982
273932
424637
249334
991957
931004
260086
246699
230660
247909
835431
895101
280619
 87780
 43430
704016
827266
  4238
498512
929981
779669
508846
250138
134336
574656
998509
235651
445042
863316
711619
337729
128206
560734
719437
369623
665748
775969
753176
175558
782735
581653
617409
304245
771199
931220
 46895
390146
 16847
286668
126606
460199
850897
680879
813676
872932
721308
  5910
675207
492406
206051
292305
687276
  1216
575567
624352
828236
964732
452455
122341
243291
373080
613431
115278
957567
907820
131975
226121
471316
107069
869620
596503
 83612
935815
789670
889033
459806
  7410
689214
 22648
783247
847773
723585
820125
813183
145552
532045
876743
308478
889528
864238
995221
570707
658805
354049
474434
310402
101801
490848
388048
646654
816871
897612
744094
812982
430340
741313
 77638
 61320
657032
472950
596088
331168
523857
122993
470293
482398
738784
 62540
244509
277904
395554
481307
624399
846236
818701
830656
 94641
 54534
374019
133193
916359
 78539
496306
370004
 59435
469164
 19271
122456
535942
184012
131733
267534
418288
377485
929730
804028
549305
224502
585956
821418
581399
690610
615902
214183
518004
955156
584375
991253
372986
144437
866559
933732
912237
138133
754532
913506
696638
475089
283190
401231
806630
803394
638743
564239
696099
894945
908506
883225
596831
976110
232422
401144
774747
 13801
124784
558581
725203
640215
848889
 66915
 87066
599698
247830
423914
653886
957630
361434
485994
365373
823930
492332
977156
573520
 12702
123411
936721
195104
884789
234409
886291
585908
601376
117173
930914
101923
154555
747105
100294
348889
834640
132584
982916
 63939
244274
834637
109297
421725
575770
 25938
600144
312319
630854
 41161
311017
799259
980908
360025
 77157
533569
741007
359844
690481
373137
662502
976155
925288
836774
636573
618028
270071
308383
245147
298897
 19867
 99063
695754
964253
 36930
573588
333344
424339
797061
552604
934787
132934
304751
113013
160721
292629
 82374
726384
864596
412467
716985
398880
440244
495590
382826
106072
 26941
492549
348505
352125
184944
520184
724845
125246
604609
616485
612739
869912
518701
478616
369914
351256
750168
714276
931326
448171
746602
625845
989985
979009
527821
442254
373311
637452
204422
215294
134716
995960
612889
305063
720915
320372
656745
493539
 72531
631590
143457
285747
668908
 48939
263259
884754
337569
954644
368704
659748
114630
930032
382768
665693
564520
731422
988466
918575
745665
797318
734429
682001
443409
908395
328547
978939
382224
657891
685771
906616
876338
332433
746319
103130
781262
651907
687011
891064
668221
571923
911136
206418
859348
 13505
121199
410415
333557
952061
854100
477259
541334
771290
 89733
852680
851253
167593
931701
486086
691850
176658
902765
153445
449544
 86299
 97873
208471
836649
 98249
294031
326504
753028
606484
128989
638431
630846
870805
629650
891287
873860
681772
696329
917670
281073
336719
630393
747857
279124
876479
430554
156529
378581
 68549
376993
300258
516429
 64842
372717
372426
850323
 10784
617986
878999
129743
137393
456332
221579
985057
 29144
649652
763450
347506
827752
915055
449773
741484
105692
287560
354935
375058
 23125
760484
237971
795462
168036
699256
301305
373404
171790
724623
868539
 33329
790915
117639
623759
456345
650843
311538
387874
448360
258430
704529
146720
288022
207496
852736
191207
647399
725227
 83987
781516
112888
837202
710798
705371
424678
464888
314899
464677
300144
711890
 25799
595310
109882
443825
322361
801605
734676
 21592
649041
170113
647465
708961
 57395
716415
636517
842741
158642
914352
614263
327470
904539
658716
640871
396420
101494
320510
632435
866856
106814
168124
220722
309856
856141
448268
884756
653670
227636
847284
784069
744417
761092
886453
689295
299121
919173
 44174
 27813
503413
403113
 43405
340520
229886
516697
794491
380327
482980
210017
941563
673844
212378
228450
824878
614744
 79313
742496
942042
 60657
108775
940570
667790
964986
415549
329518
 74980
790868
353074
906593
188777
326578
501571
941815
901443
 49989
885460
841068
 76957
374266
690010
448015
 82670
947802
533271
186823
 99469
678476
 41739
647918
 82430
305617
 76833
575401
170686
152646
464129
727479
678278
159182
488461
750207
536962
413462
735353
 30003
207500
184256
 82889
471895
627705
886024
778020
288100
723503
501877
567422
175521
373552
735981
795417
710924
488466
570367
230092
399000
 42425
960661
133644
571229
478003
121097
754093
252392
894251
221226
982919
186774
823633
345049
396775
447560
205127
247897
281339
440606
368840
787191
521490
657714
461721
900254
434374
234754
764498
655728
720560
226386
776669
214666
713379
521869
779447
503217
 17649
495360
825766
 20878
446401
809325
751994
486622
887826
271094
857734
959771
364567
280342
358133
663301
 83599
199160
577332
984347
717330
926630
122251
 29987
505193
 66232
952607
675956
 19859
337108
346114
261772
603370
299168
247053
957801
545844
 37214
381900
358143
 53048
180687
827476
 37754
929016
523356
425080
653082
686030
551212
548323
662510
486643
387010
252902
896284
921094
 16371
763279
 15115
128294
173020
584288
362503
179753
929719
264899
837893
963153
866616
986905
196070
 25939
670192
703064
612814
969158
153688
507194
447611
 17920
983829
283035
881320
337252
848848
449146
509995
510707
409303
793896
 35649
354028
135803
977605
910545
897250
 56779
268152
163693
936039
514579
471866
666541
 26688
259635
823286
779407
179066
600132
805374
661050
787958
868582
486031
520813
535625
166853
977272
746112
 97014
207707
 50157
147623
483979
 83533
771619
530306
775958
961976
268545
420518
801962
 33286
370018
 57749
 62367
515723
930335
694111
808866
162989
 93474
835528
737078
511661
623918
305618
188701
 56745
699228
916626
108726
649945
236575
 91287
258089
677928
908377
995355
343320
996814
491514
612594
792080
174309
 90042
722330
877128
322351
 73120
924259
771177
690828
277877
696021
901152
236885
141165
966092
662841
584512
944695
837914
155483
145571
284789
910715
100765
686098
210988
108301
521817
290678
217018
 49189
 75189
502868
413134
769745
152399
401110
760595
 46574
997557
507244
207060
655242
123692
718707
925925
649448
252768
905672
633154
148117
853050
420841
131895
177435
102329
532312
818192
830677
766663
708842
870358
380747
 51676
762089
240078
  8662
957075
 81795
365073
